Device Rating (A),B,C,D
6,5.11,2.56,1.28
10,3.07,1.53,0.77
16,1.92,0.96,0.48
20,1.53,0.77,0.38
25,1.23,0.61,0.31
32,0.96,0.48,0.24
40,0.77,0.38,0.19
50,0.61,0.31,0.15
63,0.49,0.24,0.12
80,0.38,0.19,0.1
100,0.31,0.15,0.08
125,0.25,0.12,0.06
